Configuration: (((0, 1, 2, 3, 4, 5, 6, 7, 8, 9, 10, 11, 12, 13, 14, 15, 16, 17, 18, 19, 20, 21, 22, 23, 24, 25, 26, 27, 28, 29, 30, 31),), 'f16')
R2 score: 1.00
Slope: 6.870429860171435e-10
Intercept: 0.0013217326118213774

Configuration: (((0, 1, 2, 3, 4, 5, 6, 7, 8, 9, 10, 11, 12, 13, 14, 15, 16, 17, 18, 19, 20, 21, 22, 23, 24, 25, 26, 27, 28, 29, 30, 31),), 'f32')
R2 score: 1.00
Slope: 1.4075353121919189e-09
Intercept: 0.001583889817365819

Configuration: (((0, 2, 4, 6, 8, 10, 12, 14, 16, 18, 20, 22, 24, 26, 28, 30), (1, 3, 5, 7, 9, 11, 13, 15, 17, 19, 21, 23, 25, 27, 29, 31)), 'f16')
R2 score: 1.00
Slope: 1.404169611580429e-09
Intercept: 0.0020765176125925044

Configuration: (((0, 2, 4, 6, 8, 10, 12, 14, 16, 18, 20, 22, 24, 26, 28, 30), (1, 3, 5, 7, 9, 11, 13, 15, 17, 19, 21, 23, 25, 27, 29, 31)), 'f32')
R2 score: 1.00
Slope: 2.881481164913974e-09
Intercept: 0.0013937501048319478

Configuration: (((0, 4, 8, 12, 16, 20, 24, 28), (1, 5, 9, 13, 17, 21, 25, 29), (2, 6, 10, 14, 18, 22, 26, 30), (3, 7, 11, 15, 19, 23, 27, 31)), 'f16')
R2 score: 1.00
Slope: 2.97067704282309e-09
Intercept: 0.0012225534137712546

Configuration: (((0, 4, 8, 12, 16, 20, 24, 28), (1, 5, 9, 13, 17, 21, 25, 29), (2, 6, 10, 14, 18, 22, 26, 30), (3, 7, 11, 15, 19, 23, 27, 31)), 'f32')
R2 score: 1.00
Slope: 5.929462396121375e-09
Intercept: 0.0019939876734427764

Configuration: (((0, 8, 16, 24), (1, 9, 17, 25), (2, 10, 18, 26), (3, 11, 19, 27), (4, 12, 20, 28), (5, 13, 21, 29), (6, 14, 22, 30), (7, 15, 23, 31)), 'f16')
R2 score: 1.00
Slope: 5.419841722646931e-09
Intercept: 0.00019357543750520012

Configuration: (((0, 8, 16, 24), (1, 9, 17, 25), (2, 10, 18, 26), (3, 11, 19, 27), (4, 12, 20, 28), (5, 13, 21, 29), (6, 14, 22, 30), (7, 15, 23, 31)), 'f32')
R2 score: 1.00
Slope: 1.1092140625926436e-08
Intercept: 0.00018402334615275073

Configuration: (((0, 16), (1, 17), (2, 18), (3, 19), (4, 20), (5, 21), (6, 22), (7, 23), (8, 24), (9, 25), (10, 26), (11, 27), (12, 28), (13, 29), (14, 30), (15, 31)), 'f16')
R2 score: 1.00
Slope: 3.302716436088809e-09
Intercept: 9.299655773487014e-05

Configuration: (((0, 16), (1, 17), (2, 18), (3, 19), (4, 20), (5, 21), (6, 22), (7, 23), (8, 24), (9, 25), (10, 26), (11, 27), (12, 28), (13, 29), (14, 30), (15, 31)), 'f32')
R2 score: 1.00
Slope: 6.9385912560604534e-09
Intercept: 8.680018245632581e-05

Configuration: (((0, 1, 2, 3, 4, 5, 6, 7, 8, 9, 10, 11, 12, 13, 14, 15), (16, 17, 18, 19, 20, 21, 22, 23, 24, 25, 26, 27, 28, 29, 30, 31)), 'f16')
R2 score: 1.00
Slope: 6.539987869430343e-10
Intercept: 0.0006249937370267772

Configuration: (((0, 1, 2, 3, 4, 5, 6, 7, 8, 9, 10, 11, 12, 13, 14, 15), (16, 17, 18, 19, 20, 21, 22, 23, 24, 25, 26, 27, 28, 29, 30, 31)), 'f32')
R2 score: 1.00
Slope: 1.2996724124771796e-09
Intercept: 0.0009280441292026514

Configuration: (((0, 1, 2, 3, 4, 5, 6, 7), (8, 9, 10, 11, 12, 13, 14, 15), (16, 17, 18, 19, 20, 21, 22, 23), (24, 25, 26, 27, 28, 29, 30, 31)), 'f16')
R2 score: 1.00
Slope: 1.3392474015596082e-11
Intercept: 0.00018818641531601543

Configuration: (((0, 1, 2, 3, 4, 5, 6, 7), (8, 9, 10, 11, 12, 13, 14, 15), (16, 17, 18, 19, 20, 21, 22, 23), (24, 25, 26, 27, 28, 29, 30, 31)), 'f32')
R2 score: 1.00
Slope: 2.676598590799797e-11
Intercept: 0.00017892240049900698

Configuration: (((0, 1, 2, 3), (4, 5, 6, 7), (8, 9, 10, 11), (12, 13, 14, 15), (16, 17, 18, 19), (20, 21, 22, 23), (24, 25, 26, 27), (28, 29, 30, 31)), 'f16')
R2 score: 1.00
Slope: 1.8310168396804788e-11
Intercept: 9.677462718124226e-05

Configuration: (((0, 1, 2, 3), (4, 5, 6, 7), (8, 9, 10, 11), (12, 13, 14, 15), (16, 17, 18, 19), (20, 21, 22, 23), (24, 25, 26, 27), (28, 29, 30, 31)), 'f32')
R2 score: 1.00
Slope: 3.667564832791818e-11
Intercept: 9.414393161045554e-05

Configuration: (((0, 1), (2, 3), (4, 5), (6, 7), (8, 9), (10, 11), (12, 13), (14, 15), (16, 17), (18, 19), (20, 21), (22, 23), (24, 25), (26, 27), (28, 29), (30, 31)), 'f16')
R2 score: 1.00
Slope: 4.5690147986619366e-11
Intercept: 7.518119420118607e-05

Configuration: (((0, 1), (2, 3), (4, 5), (6, 7), (8, 9), (10, 11), (12, 13), (14, 15), (16, 17), (18, 19), (20, 21), (22, 23), (24, 25), (26, 27), (28, 29), (30, 31)), 'f32')
R2 score: 1.00
Slope: 9.13351618131066e-11
Intercept: 7.008430670734332e-05

Configuration: (((0,), (1,), (2,), (3,), (4,), (5,), (6,), (7,), (8,), (9,), (10,), (11,), (12,), (13,), (14,), (15,), (16,), (17,), (18,), (19,), (20,), (21,), (22,), (23,), (24,), (25,), (26,), (27,), (28,), (29,), (30,), (31,)), 'f16')
R2 score: 1.00
Slope: 5.0378636021368084e-12
Intercept: 2.388345768903255e-05

Configuration: (((0,), (1,), (2,), (3,), (4,), (5,), (6,), (7,), (8,), (9,), (10,), (11,), (12,), (13,), (14,), (15,), (16,), (17,), (18,), (19,), (20,), (21,), (22,), (23,), (24,), (25,), (26,), (27,), (28,), (29,), (30,), (31,)), 'f32')
R2 score: 1.00
Slope: 1.0004650450038786e-11
Intercept: 2.2267004850257642e-05

